4294967294,0
4294967279,360
4294967278,178
4294967279,421
4294967279,420
4294967278,349
4294967278,539
4294967279,419
4294967279,418
4294967279,346
4294967294,50
4294967294,416
4294967294,82
4294967294,5
4294967279,168
25,5
25,4
4294967294,7
4294967294,6
4294967294,99
4294967294,471
4294967294,954
4294967294,83
31,102
31,101
31,100
31,99
31,98
31,97
31,96
31,95
31,94
31,93
31,92
31,91
31,90
31,89
31,88
31,87
31,86
31,85
31,84
31,83
31,82
31,81
31,80
31,79
31,78
31,77
31,76
31,75
31,74
31,73
31,72
31,71
31,70
31,69
31,68
31,67
31,66
31,65
31,64
31,36
31,35
31,34
31,33
31,32
31,31
31,30
31,29
31,28
31,27
31,26
31,25
31,24
31,23
31,22
31,21
31,20
31,19
31,18
31,17
31,16
31,15
31,14
31,13
31,12
31,11
31,10
31,9
31,8
31,7
31,6
31,5
31,4
4294967294,22
2,4
4294967294,81
4294967294,1415
4294967278,132
4294967278,131
4294967278,130
4294967278,129
4294967278,128
4294967278,127
4294967278,126
4294967278,125
4294967278,124
4294967278,123
4294967278,122
4294967278,121
4294967278,120
4294967278,119
4294967278,118
4294967278,117
4294967278,116
4294967278,115
4294967278,114
4294967278,113
4294967278,112
4294967278,111
4294967278,110
4294967278,109
4294967278,108
4294967278,107
4294967278,106
4294967278,105
4294967278,104
4294967278,103
4294967278,102
4294967278,101
4294967278,100
4294967278,99
4294967278,98
4294967278,97
4294967278,96
4294967278,95
4294967278,94
4294967278,93
4294967278,92
4294967278,91
4294967278,90
4294967278,89
4294967278,87
4294967278,86
4294967278,85
4294967278,84
4294967278,83
4294967278,82
4294967278,81
4294967278,80
4294967278,79
4294967278,78
4294967278,77
4294967278,76
4294967278,75
4294967278,74
4294967278,73
4294967278,72
4294967278,71
4294967278,70
4294967278,69
4294967278,68
4294967278,67
4294967278,66
4294967278,65
4294967278,64
4294967278,63
4294967278,0
4294967278,260
4294967279,84
4294967279,77
4294967279,76
4294967279,74
4294967279,72
4294967279,66
4294967279,61
4294967279,59
4294967279,58
4294967279,57
4294967279,55
4294967279,53
4294967279,51
4294967279,49
4294967279,48
4294967279,293
4294967279,46
4294967279,45
4294967279,41
4294967279,0
4294967279,38
4294967279,349
4294967279,36
4294967279,34
4294967279,410
4294967279,386
4294967279,31
4294967279,29
4294967279,22
4294967279,21
4294967279,17
4294967279,16
4294967279,12
4294967279,11
4294967279,9
4294967279,8
4294967279,7
4294967279,6
4294967279,5
4294967279,4
4294967294,18
4294967294,20
4294967294,36
4294967294,472
4294967294,61
4294967294,67
4294967294,185
4294967294,176
4294967294,967
4294967294,163
4294967294,162
4294967294,1414
27,4
4294967294,17
4294967294,15
4294967294,93
4294967294,95
4294967294,41
0,5
4294967294,974
4294967294,1417
4294967294,52
4294967294,12
4294967294,25
4294967294,26
4294967294,971
4294967294,68
4294967294,11
4294967278,525
4294967279,417
38,6
38,5
38,4
38,3
38,2
38,1
4294967278,348
4294967278,347
4294967278,346
4294967294,1420
4294967294,1419
37,6
37,5
37,4
37,2
37,1
4294967278,345
4294967279,416
4294967278,344
4294967279,415
4294967278,343
4294967278,342
4294967293,131
4294967293,130
4294967293,129
4294967293,128
4294967293,127
4294967293,126
4294967293,125
4294967293,124
4294967293,123
4294967293,122
4294967293,121
4294967293,120
4294967293,119
4294967293,118
4294967293,117
4294967293,116
4294967293,115
4294967293,114
4294967293,113
4294967293,112
4294967293,111
4294967293,110
4294967293,109
4294967293,108
4294967293,107
4294967293,106
4294967293,105
4294967293,104
4294967293,103
4294967293,102
4294967293,101
4294967293,100
4294967293,99
4294967293,98
4294967293,97
4294967293,96
4294967293,95
4294967293,94
4294967293,93
4294967293,92
4294967293,91
4294967293,90
4294967293,89
4294967293,88
4294967293,87
4294967293,86
4294967293,85
4294967293,84
4294967293,83
4294967293,82
4294967293,81
4294967293,80
4294967293,79
4294967293,78
4294967293,77
4294967293,76
4294967293,75
4294967293,74
4294967293,73
4294967293,72
4294967293,71
4294967293,70
4294967293,69
4294967293,68
4294967293,67
4294967293,66
4294967293,65
